{
  "nbformat": 4,
  "nbformat_minor": 0,
  "metadata": {
    "colab": {
      "provenance": [],
      "authorship_tag": "ABX9TyMwiH5nAXGHpDx/bUw54YjC",
      "include_colab_link": true
    },
    "kernelspec": {
      "name": "python3",
      "display_name": "Python 3"
    },
    "language_info": {
      "name": "python"
    }
  },
  "cells": [
    {
      "cell_type": "markdown",
      "metadata": {
        "id": "view-in-github",
        "colab_type": "text"
      },
      "source": [
        "<a href=\"https://colab.research.google.com/github/EdwynZN/TLGColab/blob/main/DS_C7_SC1_EDWIN_ZAMBRANO_NEMEGYEi.ipynb\" target=\"_parent\"><img src=\"https://colab.research.google.com/assets/colab-badge.svg\" alt=\"Open In Colab\"/></a>"
      ]
    },
    {
      "cell_type": "code",
      "execution_count": 1,
      "metadata": {
        "colab": {
          "base_uri": "https://localhost:8080/"
        },
        "id": "K_rj5QxdPhtl",
        "outputId": "f052028f-e121-4ac5-b70e-65b9a8f835e6"
      },
      "outputs": [
        {
          "output_type": "stream",
          "name": "stdout",
          "text": [
            "Collecting pyspark\n",
            "  Downloading pyspark-3.5.0.tar.gz (316.9 MB)\n",
            "\u001b[2K     \u001b[90m━━━━━━━━━━━━━━━━━━━━━━━━━━━━━━━━━━━━━━━━\u001b[0m \u001b[32m316.9/316.9 MB\u001b[0m \u001b[31m2.3 MB/s\u001b[0m eta \u001b[36m0:00:00\u001b[0m\n",
            "\u001b[?25h  Preparing metadata (setup.py) ... \u001b[?25l\u001b[?25hdone\n",
            "Requirement already satisfied: py4j==0.10.9.7 in /usr/local/lib/python3.10/dist-packages (from pyspark) (0.10.9.7)\n",
            "Building wheels for collected packages: pyspark\n",
            "  Building wheel for pyspark (setup.py) ... \u001b[?25l\u001b[?25hdone\n",
            "  Created wheel for pyspark: filename=pyspark-3.5.0-py2.py3-none-any.whl size=317425345 sha256=1691f0423b525e63bd21f38bf4775b31230e6e75322bfc3fcfc9d96d993456d8\n",
            "  Stored in directory: /root/.cache/pip/wheels/41/4e/10/c2cf2467f71c678cfc8a6b9ac9241e5e44a01940da8fbb17fc\n",
            "Successfully built pyspark\n",
            "Installing collected packages: pyspark\n",
            "Successfully installed pyspark-3.5.0\n",
            "Collecting heatmapz\n",
            "  Downloading heatmapz-0.0.4-py3-none-any.whl (5.8 kB)\n",
            "Requirement already satisfied: matplotlib>=3.0.3 in /usr/local/lib/python3.10/dist-packages (from heatmapz) (3.7.1)\n",
            "Requirement already satisfied: pandas in /usr/local/lib/python3.10/dist-packages (from heatmapz) (1.5.3)\n",
            "Requirement already satisfied: seaborn in /usr/local/lib/python3.10/dist-packages (from heatmapz) (0.13.1)\n",
            "Requirement already satisfied: contourpy>=1.0.1 in /usr/local/lib/python3.10/dist-packages (from matplotlib>=3.0.3->heatmapz) (1.2.0)\n",
            "Requirement already satisfied: cycler>=0.10 in /usr/local/lib/python3.10/dist-packages (from matplotlib>=3.0.3->heatmapz) (0.12.1)\n",
            "Requirement already satisfied: fonttools>=4.22.0 in /usr/local/lib/python3.10/dist-packages (from matplotlib>=3.0.3->heatmapz) (4.48.1)\n",
            "Requirement already satisfied: kiwisolver>=1.0.1 in /usr/local/lib/python3.10/dist-packages (from matplotlib>=3.0.3->heatmapz) (1.4.5)\n",
            "Requirement already satisfied: numpy>=1.20 in /usr/local/lib/python3.10/dist-packages (from matplotlib>=3.0.3->heatmapz) (1.23.5)\n",
            "Requirement already satisfied: packaging>=20.0 in /usr/local/lib/python3.10/dist-packages (from matplotlib>=3.0.3->heatmapz) (23.2)\n",
            "Requirement already satisfied: pillow>=6.2.0 in /usr/local/lib/python3.10/dist-packages (from matplotlib>=3.0.3->heatmapz) (9.4.0)\n",
            "Requirement already satisfied: pyparsing>=2.3.1 in /usr/local/lib/python3.10/dist-packages (from matplotlib>=3.0.3->heatmapz) (3.1.1)\n",
            "Requirement already satisfied: python-dateutil>=2.7 in /usr/local/lib/python3.10/dist-packages (from matplotlib>=3.0.3->heatmapz) (2.8.2)\n",
            "Requirement already satisfied: pytz>=2020.1 in /usr/local/lib/python3.10/dist-packages (from pandas->heatmapz) (2023.4)\n",
            "Requirement already satisfied: six>=1.5 in /usr/local/lib/python3.10/dist-packages (from python-dateutil>=2.7->matplotlib>=3.0.3->heatmapz) (1.16.0)\n",
            "Installing collected packages: heatmapz\n",
            "Successfully installed heatmapz-0.0.4\n"
          ]
        }
      ],
      "source": [
        "!pip install pyspark\n",
        "!apt-get install openjdk-8-jdk-headless -qq > /dev/null\n",
        "!pip install heatmapz\n",
        "\n",
        "import os\n",
        "os.environ[\"JAVA_HOME\"] = \"/usr/lib/jvm/java-8-openjdk-amd64\""
      ]
    },
    {
      "cell_type": "code",
      "source": [
        "import pandas as pd\n",
        "import math\n",
        "import matplotlib.pyplot as plt\n",
        "from google.colab import drive\n",
        "from pyspark.sql import SparkSession\n",
        "\n",
        "spark = SparkSession \\\n",
        "    .builder \\\n",
        "    .appName(\"SC1\") \\\n",
        "    .getOrCreate()\n",
        "\n",
        "drive.mount('/content/gdrive')"
      ],
      "metadata": {
        "colab": {
          "base_uri": "https://localhost:8080/"
        },
        "id": "mfxJZxUNQUck",
        "outputId": "5b2bb2d5-c474-46bb-a187-a6d55fab7c93"
      },
      "execution_count": 2,
      "outputs": [
        {
          "output_type": "stream",
          "name": "stdout",
          "text": [
            "Mounted at /content/gdrive\n"
          ]
        }
      ]
    },
    {
      "cell_type": "markdown",
      "source": [
        "Cargamos el csv y seleccionamos las columnas relevantes (las que contienen datos númericos)"
      ],
      "metadata": {
        "id": "ZQbqHlQ639RQ"
      }
    },
    {
      "cell_type": "code",
      "source": [
        "path_csv=\"/content/gdrive/My Drive/Colab Notebooks/PySpark/MonterreyPollutionData.csv\"\n",
        "\n",
        "df = spark.read.csv(path_csv,header=True,inferSchema=True)\n",
        "df.createOrReplaceTempView(\"pollution\")\n",
        "df = df.withColumnRenamed('PM2.5',\"PM2_5\")\n",
        "df = spark.sql(\"SELECT Month, Day, WeekDay, Hour, CO, NO, NO2, NOX, O3, PM10, PRS, `PM2.5` as PM2_5, RAINF, RH, SR, TOUT, WSR, WDV from pollution\")\n",
        "df.show(10)"
      ],
      "metadata": {
        "colab": {
          "base_uri": "https://localhost:8080/"
        },
        "id": "_oFRIvrrRe3J",
        "outputId": "716cd34c-c655-46ee-d53b-4b121a29b40d"
      },
      "execution_count": 91,
      "outputs": [
        {
          "output_type": "stream",
          "name": "stdout",
          "text": [
            "+-----+---+-------+----+----+----+----+----+---+----+-----+-----+-----+---+-----+----+---+---+\n",
            "|Month|Day|WeekDay|Hour|  CO|  NO| NO2| NOX| O3|PM10|  PRS|PM2_5|RAINF| RH|   SR|TOUT|WSR|WDV|\n",
            "+-----+---+-------+----+----+----+----+----+---+----+-----+-----+-----+---+-----+----+---+---+\n",
            "|    1|  1|      5|   1|2.51|10.2|12.9|23.1| 10| 139|725.4|   80| 0.01| 96|  0.0|3.91|7.2|344|\n",
            "|    1|  1|      5|   2|2.41| 9.2|11.6|20.8|  7|  42|725.0|   29| 0.02| 96|  0.0|3.81|6.3|341|\n",
            "|    1|  1|      5|   3|2.39| 8.1|11.8|19.9|  7|  23|724.4|    9|  0.0| 96|  0.0|3.85|5.2|346|\n",
            "|    1|  1|      5|   5|2.26| 5.3| 8.9|14.2|  7|  23|724.0|   14| 0.01| 96|  0.0|3.79|5.6|336|\n",
            "|    1|  1|      5|   8|2.25| 7.2|10.2|17.4|  5|  15|724.3|    8|  0.0| 96|0.023|3.93|4.8|354|\n",
            "|    1|  1|      5|   9|2.21| 5.8| 8.2|14.0|  7|  16|724.3|    6|  0.0| 96|0.052|4.13|4.2| 15|\n",
            "|    1|  1|      5|  12|2.38|10.0|10.1|20.1| 10|  22|722.6|   17|  0.0| 96|0.127| 6.6|3.2| 29|\n",
            "|    1|  1|      5|  13|2.51|11.5|12.3|23.8| 12|  32|721.7|   16|  0.0| 95| 0.15|6.89|4.8|  2|\n",
            "|    1|  1|      5|  14|2.55|12.0|13.5|25.5| 14|  31|721.0|   19|  0.0| 94|0.175|7.43|4.6| 47|\n",
            "|    1|  1|      5|  15|2.45|10.5|12.8|23.3| 11|  50|720.8|   35|  0.0| 93|0.091|7.15|4.0| 42|\n",
            "+-----+---+-------+----+----+----+----+----+---+----+-----+-----+-----+---+-----+----+---+---+\n",
            "only showing top 10 rows\n",
            "\n"
          ]
        }
      ]
    },
    {
      "cell_type": "code",
      "source": [
        "df.printSchema()"
      ],
      "metadata": {
        "colab": {
          "base_uri": "https://localhost:8080/"
        },
        "id": "jXCtJ-H8SJgH",
        "outputId": "4b86d207-f264-4e4c-fa4b-6786f8a8a560"
      },
      "execution_count": 4,
      "outputs": [
        {
          "output_type": "stream",
          "name": "stdout",
          "text": [
            "root\n",
            " |-- Month: integer (nullable = true)\n",
            " |-- Day: integer (nullable = true)\n",
            " |-- WeekDay: integer (nullable = true)\n",
            " |-- Hour: integer (nullable = true)\n",
            " |-- CO: double (nullable = true)\n",
            " |-- NO: double (nullable = true)\n",
            " |-- NO2: double (nullable = true)\n",
            " |-- NOX: double (nullable = true)\n",
            " |-- O3: integer (nullable = true)\n",
            " |-- PM10: integer (nullable = true)\n",
            " |-- PRS: double (nullable = true)\n",
            " |-- PM2_5: integer (nullable = true)\n",
            " |-- RAINF: double (nullable = true)\n",
            " |-- RH: integer (nullable = true)\n",
            " |-- SR: double (nullable = true)\n",
            " |-- TOUT: double (nullable = true)\n",
            " |-- WSR: double (nullable = true)\n",
            " |-- WDV: integer (nullable = true)\n",
            "\n"
          ]
        }
      ]
    },
    {
      "cell_type": "code",
      "source": [
        "from pyspark.mllib.stat import Statistics\n",
        "df_features = df.select(*df.columns).dropna()\n",
        "\n",
        "rdd_table = df_features.rdd.map(lambda row: row[0:])\n",
        "\n",
        "corr_mat = Statistics.corr(rdd_table, method=\"pearson\")\n",
        "\n",
        "corr_mat_df = pd.DataFrame(data=corr_mat,index=df_features.columns,columns=df_features.columns)\n",
        "corr_mat_df"
      ],
      "metadata": {
        "colab": {
          "base_uri": "https://localhost:8080/",
          "height": 614
        },
        "id": "6VIbRQRSR2Tz",
        "outputId": "7962dac6-0cb4-42d2-f693-8cc3b795a2b9"
      },
      "execution_count": 5,
      "outputs": [
        {
          "output_type": "execute_result",
          "data": {
            "text/plain": [
              "            Month       Day   WeekDay      Hour        CO        NO       NO2  \\\n",
              "Month    1.000000 -0.066819  0.005771  0.005405 -0.548611 -0.313199 -0.591945   \n",
              "Day     -0.066819  1.000000 -0.005982 -0.001556  0.101612  0.038179  0.055925   \n",
              "WeekDay  0.005771 -0.005982  1.000000 -0.008607  0.033262 -0.036192 -0.022819   \n",
              "Hour     0.005405 -0.001556 -0.008607  1.000000  0.063854 -0.068973  0.065701   \n",
              "CO      -0.548611  0.101612  0.033262  0.063854  1.000000  0.597840  0.678066   \n",
              "NO      -0.313199  0.038179 -0.036192 -0.068973  0.597840  1.000000  0.562418   \n",
              "NO2     -0.591945  0.055925 -0.022819  0.065701  0.678066  0.562418  1.000000   \n",
              "NOX     -0.453517  0.049177 -0.035333 -0.027028  0.696202  0.952031  0.788449   \n",
              "O3       0.213890  0.089457  0.015993  0.228381 -0.196441 -0.275251 -0.302997   \n",
              "PM10    -0.239885  0.077583 -0.018170  0.088958  0.396805  0.481058  0.550361   \n",
              "PRS     -0.433587 -0.036614  0.067625 -0.047857  0.251633  0.175222  0.285011   \n",
              "PM2_5   -0.057530 -0.013651  0.016755  0.097884  0.217616  0.232708  0.302022   \n",
              "RAINF   -0.010824 -0.023473  0.031300  0.020795  0.010225 -0.009182  0.009580   \n",
              "RH      -0.181146 -0.209823  0.077541 -0.362518  0.104443  0.068039  0.009099   \n",
              "SR       0.160905  0.062363 -0.010450  0.048570 -0.166540 -0.103299 -0.200736   \n",
              "TOUT     0.673499  0.110851 -0.069855  0.218742 -0.417004 -0.291055 -0.443810   \n",
              "WSR      0.264641  0.045269  0.025171  0.424072 -0.341591 -0.343986 -0.488231   \n",
              "WDV     -0.221022  0.028351 -0.049517 -0.128215  0.232311  0.259888  0.261746   \n",
              "\n",
              "              NOX        O3      PM10       PRS     PM2_5     RAINF        RH  \\\n",
              "Month   -0.453517  0.213890 -0.239885 -0.433587 -0.057530 -0.010824 -0.181146   \n",
              "Day      0.049177  0.089457  0.077583 -0.036614 -0.013651 -0.023473 -0.209823   \n",
              "WeekDay -0.035333  0.015993 -0.018170  0.067625  0.016755  0.031300  0.077541   \n",
              "Hour    -0.027028  0.228381  0.088958 -0.047857  0.097884  0.020795 -0.362518   \n",
              "CO       0.696202 -0.196441  0.396805  0.251633  0.217616  0.010225  0.104443   \n",
              "NO       0.952031 -0.275251  0.481058  0.175222  0.232708 -0.009182  0.068039   \n",
              "NO2      0.788449 -0.302997  0.550361  0.285011  0.302022  0.009580  0.009099   \n",
              "NOX      1.000000 -0.316941  0.561353  0.236130  0.284654 -0.003227  0.054647   \n",
              "O3      -0.316941  1.000000 -0.046893 -0.219732 -0.008811 -0.030142 -0.655588   \n",
              "PM10     0.561353 -0.046893  1.000000 -0.076597  0.511989 -0.025532 -0.103133   \n",
              "PRS      0.236130 -0.219732 -0.076597  1.000000 -0.178029  0.005096  0.128509   \n",
              "PM2_5    0.284654 -0.008811  0.511989 -0.178029  1.000000  0.030746  0.036154   \n",
              "RAINF   -0.003227 -0.030142 -0.025532  0.005096  0.030746  1.000000  0.065507   \n",
              "RH       0.054647 -0.655588 -0.103133  0.128509  0.036154  0.065507  1.000000   \n",
              "SR      -0.151194  0.691927  0.055220 -0.140521 -0.037306 -0.035976 -0.459958   \n",
              "TOUT    -0.381639  0.527154  0.059941 -0.661163  0.083703 -0.029789 -0.550910   \n",
              "WSR     -0.436568  0.466254 -0.139638 -0.216032 -0.071178 -0.015195 -0.414917   \n",
              "WDV      0.290354 -0.198798  0.063298  0.134273 -0.032373  0.003243  0.068477   \n",
              "\n",
              "               SR      TOUT       WSR       WDV  \n",
              "Month    0.160905  0.673499  0.264641 -0.221022  \n",
              "Day      0.062363  0.110851  0.045269  0.028351  \n",
              "WeekDay -0.010450 -0.069855  0.025171 -0.049517  \n",
              "Hour     0.048570  0.218742  0.424072 -0.128215  \n",
              "CO      -0.166540 -0.417004 -0.341591  0.232311  \n",
              "NO      -0.103299 -0.291055 -0.343986  0.259888  \n",
              "NO2     -0.200736 -0.443810 -0.488231  0.261746  \n",
              "NOX     -0.151194 -0.381639 -0.436568  0.290354  \n",
              "O3       0.691927  0.527154  0.466254 -0.198798  \n",
              "PM10     0.055220  0.059941 -0.139638  0.063298  \n",
              "PRS     -0.140521 -0.661163 -0.216032  0.134273  \n",
              "PM2_5   -0.037306  0.083703 -0.071178 -0.032373  \n",
              "RAINF   -0.035976 -0.029789 -0.015195  0.003243  \n",
              "RH      -0.459958 -0.550910 -0.414917  0.068477  \n",
              "SR       1.000000  0.456226  0.202181 -0.101123  \n",
              "TOUT     0.456226  1.000000  0.465796 -0.264962  \n",
              "WSR      0.202181  0.465796  1.000000 -0.149348  \n",
              "WDV     -0.101123 -0.264962 -0.149348  1.000000  "
            ],
            "text/html": [
              "\n",
              "  <div id=\"df-b661d487-f53e-42ac-923c-3f67e7935aff\" class=\"colab-df-container\">\n",
              "    <div>\n",
              "<style scoped>\n",
              "    .dataframe tbody tr th:only-of-type {\n",
              "        vertical-align: middle;\n",
              "    }\n",
              "\n",
              "    .dataframe tbody tr th {\n",
              "        vertical-align: top;\n",
              "    }\n",
              "\n",
              "    .dataframe thead th {\n",
              "        text-align: right;\n",
              "    }\n",
              "</style>\n",
              "<table border=\"1\" class=\"dataframe\">\n",
              "  <thead>\n",
              "    <tr style=\"text-align: right;\">\n",
              "      <th></th>\n",
              "      <th>Month</th>\n",
              "      <th>Day</th>\n",
              "      <th>WeekDay</th>\n",
              "      <th>Hour</th>\n",
              "      <th>CO</th>\n",
              "      <th>NO</th>\n",
              "      <th>NO2</th>\n",
              "      <th>NOX</th>\n",
              "      <th>O3</th>\n",
              "      <th>PM10</th>\n",
              "      <th>PRS</th>\n",
              "      <th>PM2_5</th>\n",
              "      <th>RAINF</th>\n",
              "      <th>RH</th>\n",
              "      <th>SR</th>\n",
              "      <th>TOUT</th>\n",
              "      <th>WSR</th>\n",
              "      <th>WDV</th>\n",
              "    </tr>\n",
              "  </thead>\n",
              "  <tbody>\n",
              "    <tr>\n",
              "      <th>Month</th>\n",
              "      <td>1.000000</td>\n",
              "      <td>-0.066819</td>\n",
              "      <td>0.005771</td>\n",
              "      <td>0.005405</td>\n",
              "      <td>-0.548611</td>\n",
              "      <td>-0.313199</td>\n",
              "      <td>-0.591945</td>\n",
              "      <td>-0.453517</td>\n",
              "      <td>0.213890</td>\n",
              "      <td>-0.239885</td>\n",
              "      <td>-0.433587</td>\n",
              "      <td>-0.057530</td>\n",
              "      <td>-0.010824</td>\n",
              "      <td>-0.181146</td>\n",
              "      <td>0.160905</td>\n",
              "      <td>0.673499</td>\n",
              "      <td>0.264641</td>\n",
              "      <td>-0.221022</td>\n",
              "    </tr>\n",
              "    <tr>\n",
              "      <th>Day</th>\n",
              "      <td>-0.066819</td>\n",
              "      <td>1.000000</td>\n",
              "      <td>-0.005982</td>\n",
              "      <td>-0.001556</td>\n",
              "      <td>0.101612</td>\n",
              "      <td>0.038179</td>\n",
              "      <td>0.055925</td>\n",
              "      <td>0.049177</td>\n",
              "      <td>0.089457</td>\n",
              "      <td>0.077583</td>\n",
              "      <td>-0.036614</td>\n",
              "      <td>-0.013651</td>\n",
              "      <td>-0.023473</td>\n",
              "      <td>-0.209823</td>\n",
              "      <td>0.062363</td>\n",
              "      <td>0.110851</td>\n",
              "      <td>0.045269</td>\n",
              "      <td>0.028351</td>\n",
              "    </tr>\n",
              "    <tr>\n",
              "      <th>WeekDay</th>\n",
              "      <td>0.005771</td>\n",
              "      <td>-0.005982</td>\n",
              "      <td>1.000000</td>\n",
              "      <td>-0.008607</td>\n",
              "      <td>0.033262</td>\n",
              "      <td>-0.036192</td>\n",
              "      <td>-0.022819</td>\n",
              "      <td>-0.035333</td>\n",
              "      <td>0.015993</td>\n",
              "      <td>-0.018170</td>\n",
              "      <td>0.067625</td>\n",
              "      <td>0.016755</td>\n",
              "      <td>0.031300</td>\n",
              "      <td>0.077541</td>\n",
              "      <td>-0.010450</td>\n",
              "      <td>-0.069855</td>\n",
              "      <td>0.025171</td>\n",
              "      <td>-0.049517</td>\n",
              "    </tr>\n",
              "    <tr>\n",
              "      <th>Hour</th>\n",
              "      <td>0.005405</td>\n",
              "      <td>-0.001556</td>\n",
              "      <td>-0.008607</td>\n",
              "      <td>1.000000</td>\n",
              "      <td>0.063854</td>\n",
              "      <td>-0.068973</td>\n",
              "      <td>0.065701</td>\n",
              "      <td>-0.027028</td>\n",
              "      <td>0.228381</td>\n",
              "      <td>0.088958</td>\n",
              "      <td>-0.047857</td>\n",
              "      <td>0.097884</td>\n",
              "      <td>0.020795</td>\n",
              "      <td>-0.362518</td>\n",
              "      <td>0.048570</td>\n",
              "      <td>0.218742</td>\n",
              "      <td>0.424072</td>\n",
              "      <td>-0.128215</td>\n",
              "    </tr>\n",
              "    <tr>\n",
              "      <th>CO</th>\n",
              "      <td>-0.548611</td>\n",
              "      <td>0.101612</td>\n",
              "      <td>0.033262</td>\n",
              "      <td>0.063854</td>\n",
              "      <td>1.000000</td>\n",
              "      <td>0.597840</td>\n",
              "      <td>0.678066</td>\n",
              "      <td>0.696202</td>\n",
              "      <td>-0.196441</td>\n",
              "      <td>0.396805</td>\n",
              "      <td>0.251633</td>\n",
              "      <td>0.217616</td>\n",
              "      <td>0.010225</td>\n",
              "      <td>0.104443</td>\n",
              "      <td>-0.166540</td>\n",
              "      <td>-0.417004</td>\n",
              "      <td>-0.341591</td>\n",
              "      <td>0.232311</td>\n",
              "    </tr>\n",
              "    <tr>\n",
              "      <th>NO</th>\n",
              "      <td>-0.313199</td>\n",
              "      <td>0.038179</td>\n",
              "      <td>-0.036192</td>\n",
              "      <td>-0.068973</td>\n",
              "      <td>0.597840</td>\n",
              "      <td>1.000000</td>\n",
              "      <td>0.562418</td>\n",
              "      <td>0.952031</td>\n",
              "      <td>-0.275251</td>\n",
              "      <td>0.481058</td>\n",
              "      <td>0.175222</td>\n",
              "      <td>0.232708</td>\n",
              "      <td>-0.009182</td>\n",
              "      <td>0.068039</td>\n",
              "      <td>-0.103299</td>\n",
              "      <td>-0.291055</td>\n",
              "      <td>-0.343986</td>\n",
              "      <td>0.259888</td>\n",
              "    </tr>\n",
              "    <tr>\n",
              "      <th>NO2</th>\n",
              "      <td>-0.591945</td>\n",
              "      <td>0.055925</td>\n",
              "      <td>-0.022819</td>\n",
              "      <td>0.065701</td>\n",
              "      <td>0.678066</td>\n",
              "      <td>0.562418</td>\n",
              "      <td>1.000000</td>\n",
              "      <td>0.788449</td>\n",
              "      <td>-0.302997</td>\n",
              "      <td>0.550361</td>\n",
              "      <td>0.285011</td>\n",
              "      <td>0.302022</td>\n",
              "      <td>0.009580</td>\n",
              "      <td>0.009099</td>\n",
              "      <td>-0.200736</td>\n",
              "      <td>-0.443810</td>\n",
              "      <td>-0.488231</td>\n",
              "      <td>0.261746</td>\n",
              "    </tr>\n",
              "    <tr>\n",
              "      <th>NOX</th>\n",
              "      <td>-0.453517</td>\n",
              "      <td>0.049177</td>\n",
              "      <td>-0.035333</td>\n",
              "      <td>-0.027028</td>\n",
              "      <td>0.696202</td>\n",
              "      <td>0.952031</td>\n",
              "      <td>0.788449</td>\n",
              "      <td>1.000000</td>\n",
              "      <td>-0.316941</td>\n",
              "      <td>0.561353</td>\n",
              "      <td>0.236130</td>\n",
              "      <td>0.284654</td>\n",
              "      <td>-0.003227</td>\n",
              "      <td>0.054647</td>\n",
              "      <td>-0.151194</td>\n",
              "      <td>-0.381639</td>\n",
              "      <td>-0.436568</td>\n",
              "      <td>0.290354</td>\n",
              "    </tr>\n",
              "    <tr>\n",
              "      <th>O3</th>\n",
              "      <td>0.213890</td>\n",
              "      <td>0.089457</td>\n",
              "      <td>0.015993</td>\n",
              "      <td>0.228381</td>\n",
              "      <td>-0.196441</td>\n",
              "      <td>-0.275251</td>\n",
              "      <td>-0.302997</td>\n",
              "      <td>-0.316941</td>\n",
              "      <td>1.000000</td>\n",
              "      <td>-0.046893</td>\n",
              "      <td>-0.219732</td>\n",
              "      <td>-0.008811</td>\n",
              "      <td>-0.030142</td>\n",
              "      <td>-0.655588</td>\n",
              "      <td>0.691927</td>\n",
              "      <td>0.527154</td>\n",
              "      <td>0.466254</td>\n",
              "      <td>-0.198798</td>\n",
              "    </tr>\n",
              "    <tr>\n",
              "      <th>PM10</th>\n",
              "      <td>-0.239885</td>\n",
              "      <td>0.077583</td>\n",
              "      <td>-0.018170</td>\n",
              "      <td>0.088958</td>\n",
              "      <td>0.396805</td>\n",
              "      <td>0.481058</td>\n",
              "      <td>0.550361</td>\n",
              "      <td>0.561353</td>\n",
              "      <td>-0.046893</td>\n",
              "      <td>1.000000</td>\n",
              "      <td>-0.076597</td>\n",
              "      <td>0.511989</td>\n",
              "      <td>-0.025532</td>\n",
              "      <td>-0.103133</td>\n",
              "      <td>0.055220</td>\n",
              "      <td>0.059941</td>\n",
              "      <td>-0.139638</td>\n",
              "      <td>0.063298</td>\n",
              "    </tr>\n",
              "    <tr>\n",
              "      <th>PRS</th>\n",
              "      <td>-0.433587</td>\n",
              "      <td>-0.036614</td>\n",
              "      <td>0.067625</td>\n",
              "      <td>-0.047857</td>\n",
              "      <td>0.251633</td>\n",
              "      <td>0.175222</td>\n",
              "      <td>0.285011</td>\n",
              "      <td>0.236130</td>\n",
              "      <td>-0.219732</td>\n",
              "      <td>-0.076597</td>\n",
              "      <td>1.000000</td>\n",
              "      <td>-0.178029</td>\n",
              "      <td>0.005096</td>\n",
              "      <td>0.128509</td>\n",
              "      <td>-0.140521</td>\n",
              "      <td>-0.661163</td>\n",
              "      <td>-0.216032</td>\n",
              "      <td>0.134273</td>\n",
              "    </tr>\n",
              "    <tr>\n",
              "      <th>PM2_5</th>\n",
              "      <td>-0.057530</td>\n",
              "      <td>-0.013651</td>\n",
              "      <td>0.016755</td>\n",
              "      <td>0.097884</td>\n",
              "      <td>0.217616</td>\n",
              "      <td>0.232708</td>\n",
              "      <td>0.302022</td>\n",
              "      <td>0.284654</td>\n",
              "      <td>-0.008811</td>\n",
              "      <td>0.511989</td>\n",
              "      <td>-0.178029</td>\n",
              "      <td>1.000000</td>\n",
              "      <td>0.030746</td>\n",
              "      <td>0.036154</td>\n",
              "      <td>-0.037306</td>\n",
              "      <td>0.083703</td>\n",
              "      <td>-0.071178</td>\n",
              "      <td>-0.032373</td>\n",
              "    </tr>\n",
              "    <tr>\n",
              "      <th>RAINF</th>\n",
              "      <td>-0.010824</td>\n",
              "      <td>-0.023473</td>\n",
              "      <td>0.031300</td>\n",
              "      <td>0.020795</td>\n",
              "      <td>0.010225</td>\n",
              "      <td>-0.009182</td>\n",
              "      <td>0.009580</td>\n",
              "      <td>-0.003227</td>\n",
              "      <td>-0.030142</td>\n",
              "      <td>-0.025532</td>\n",
              "      <td>0.005096</td>\n",
              "      <td>0.030746</td>\n",
              "      <td>1.000000</td>\n",
              "      <td>0.065507</td>\n",
              "      <td>-0.035976</td>\n",
              "      <td>-0.029789</td>\n",
              "      <td>-0.015195</td>\n",
              "      <td>0.003243</td>\n",
              "    </tr>\n",
              "    <tr>\n",
              "      <th>RH</th>\n",
              "      <td>-0.181146</td>\n",
              "      <td>-0.209823</td>\n",
              "      <td>0.077541</td>\n",
              "      <td>-0.362518</td>\n",
              "      <td>0.104443</td>\n",
              "      <td>0.068039</td>\n",
              "      <td>0.009099</td>\n",
              "      <td>0.054647</td>\n",
              "      <td>-0.655588</td>\n",
              "      <td>-0.103133</td>\n",
              "      <td>0.128509</td>\n",
              "      <td>0.036154</td>\n",
              "      <td>0.065507</td>\n",
              "      <td>1.000000</td>\n",
              "      <td>-0.459958</td>\n",
              "      <td>-0.550910</td>\n",
              "      <td>-0.414917</td>\n",
              "      <td>0.068477</td>\n",
              "    </tr>\n",
              "    <tr>\n",
              "      <th>SR</th>\n",
              "      <td>0.160905</td>\n",
              "      <td>0.062363</td>\n",
              "      <td>-0.010450</td>\n",
              "      <td>0.048570</td>\n",
              "      <td>-0.166540</td>\n",
              "      <td>-0.103299</td>\n",
              "      <td>-0.200736</td>\n",
              "      <td>-0.151194</td>\n",
              "      <td>0.691927</td>\n",
              "      <td>0.055220</td>\n",
              "      <td>-0.140521</td>\n",
              "      <td>-0.037306</td>\n",
              "      <td>-0.035976</td>\n",
              "      <td>-0.459958</td>\n",
              "      <td>1.000000</td>\n",
              "      <td>0.456226</td>\n",
              "      <td>0.202181</td>\n",
              "      <td>-0.101123</td>\n",
              "    </tr>\n",
              "    <tr>\n",
              "      <th>TOUT</th>\n",
              "      <td>0.673499</td>\n",
              "      <td>0.110851</td>\n",
              "      <td>-0.069855</td>\n",
              "      <td>0.218742</td>\n",
              "      <td>-0.417004</td>\n",
              "      <td>-0.291055</td>\n",
              "      <td>-0.443810</td>\n",
              "      <td>-0.381639</td>\n",
              "      <td>0.527154</td>\n",
              "      <td>0.059941</td>\n",
              "      <td>-0.661163</td>\n",
              "      <td>0.083703</td>\n",
              "      <td>-0.029789</td>\n",
              "      <td>-0.550910</td>\n",
              "      <td>0.456226</td>\n",
              "      <td>1.000000</td>\n",
              "      <td>0.465796</td>\n",
              "      <td>-0.264962</td>\n",
              "    </tr>\n",
              "    <tr>\n",
              "      <th>WSR</th>\n",
              "      <td>0.264641</td>\n",
              "      <td>0.045269</td>\n",
              "      <td>0.025171</td>\n",
              "      <td>0.424072</td>\n",
              "      <td>-0.341591</td>\n",
              "      <td>-0.343986</td>\n",
              "      <td>-0.488231</td>\n",
              "      <td>-0.436568</td>\n",
              "      <td>0.466254</td>\n",
              "      <td>-0.139638</td>\n",
              "      <td>-0.216032</td>\n",
              "      <td>-0.071178</td>\n",
              "      <td>-0.015195</td>\n",
              "      <td>-0.414917</td>\n",
              "      <td>0.202181</td>\n",
              "      <td>0.465796</td>\n",
              "      <td>1.000000</td>\n",
              "      <td>-0.149348</td>\n",
              "    </tr>\n",
              "    <tr>\n",
              "      <th>WDV</th>\n",
              "      <td>-0.221022</td>\n",
              "      <td>0.028351</td>\n",
              "      <td>-0.049517</td>\n",
              "      <td>-0.128215</td>\n",
              "      <td>0.232311</td>\n",
              "      <td>0.259888</td>\n",
              "      <td>0.261746</td>\n",
              "      <td>0.290354</td>\n",
              "      <td>-0.198798</td>\n",
              "      <td>0.063298</td>\n",
              "      <td>0.134273</td>\n",
              "      <td>-0.032373</td>\n",
              "      <td>0.003243</td>\n",
              "      <td>0.068477</td>\n",
              "      <td>-0.101123</td>\n",
              "      <td>-0.264962</td>\n",
              "      <td>-0.149348</td>\n",
              "      <td>1.000000</td>\n",
              "    </tr>\n",
              "  </tbody>\n",
              "</table>\n",
              "</div>\n",
              "    <div class=\"colab-df-buttons\">\n",
              "\n",
              "  <div class=\"colab-df-container\">\n",
              "    <button class=\"colab-df-convert\" onclick=\"convertToInteractive('df-b661d487-f53e-42ac-923c-3f67e7935aff')\"\n",
              "            title=\"Convert this dataframe to an interactive table.\"\n",
              "            style=\"display:none;\">\n",
              "\n",
              "  <svg xmlns=\"http://www.w3.org/2000/svg\" height=\"24px\" viewBox=\"0 -960 960 960\">\n",
              "    <path d=\"M120-120v-720h720v720H120Zm60-500h600v-160H180v160Zm220 220h160v-160H400v160Zm0 220h160v-160H400v160ZM180-400h160v-160H180v160Zm440 0h160v-160H620v160ZM180-180h160v-160H180v160Zm440 0h160v-160H620v160Z\"/>\n",
              "  </svg>\n",
              "    </button>\n",
              "\n",
              "  <style>\n",
              "    .colab-df-container {\n",
              "      display:flex;\n",
              "      gap: 12px;\n",
              "    }\n",
              "\n",
              "    .colab-df-convert {\n",
              "      background-color: #E8F0FE;\n",
              "      border: none;\n",
              "      border-radius: 50%;\n",
              "      cursor: pointer;\n",
              "      display: none;\n",
              "      fill: #1967D2;\n",
              "      height: 32px;\n",
              "      padding: 0 0 0 0;\n",
              "      width: 32px;\n",
              "    }\n",
              "\n",
              "    .colab-df-convert:hover {\n",
              "      background-color: #E2EBFA;\n",
              "      box-shadow: 0px 1px 2px rgba(60, 64, 67, 0.3), 0px 1px 3px 1px rgba(60, 64, 67, 0.15);\n",
              "      fill: #174EA6;\n",
              "    }\n",
              "\n",
              "    .colab-df-buttons div {\n",
              "      margin-bottom: 4px;\n",
              "    }\n",
              "\n",
              "    [theme=dark] .colab-df-convert {\n",
              "      background-color: #3B4455;\n",
              "      fill: #D2E3FC;\n",
              "    }\n",
              "\n",
              "    [theme=dark] .colab-df-convert:hover {\n",
              "      background-color: #434B5C;\n",
              "      box-shadow: 0px 1px 3px 1px rgba(0, 0, 0, 0.15);\n",
              "      filter: drop-shadow(0px 1px 2px rgba(0, 0, 0, 0.3));\n",
              "      fill: #FFFFFF;\n",
              "    }\n",
              "  </style>\n",
              "\n",
              "    <script>\n",
              "      const buttonEl =\n",
              "        document.querySelector('#df-b661d487-f53e-42ac-923c-3f67e7935aff button.colab-df-convert');\n",
              "      buttonEl.style.display =\n",
              "        google.colab.kernel.accessAllowed ? 'block' : 'none';\n",
              "\n",
              "      async function convertToInteractive(key) {\n",
              "        const element = document.querySelector('#df-b661d487-f53e-42ac-923c-3f67e7935aff');\n",
              "        const dataTable =\n",
              "          await google.colab.kernel.invokeFunction('convertToInteractive',\n",
              "                                                    [key], {});\n",
              "        if (!dataTable) return;\n",
              "\n",
              "        const docLinkHtml = 'Like what you see? Visit the ' +\n",
              "          '<a target=\"_blank\" href=https://colab.research.google.com/notebooks/data_table.ipynb>data table notebook</a>'\n",
              "          + ' to learn more about interactive tables.';\n",
              "        element.innerHTML = '';\n",
              "        dataTable['output_type'] = 'display_data';\n",
              "        await google.colab.output.renderOutput(dataTable, element);\n",
              "        const docLink = document.createElement('div');\n",
              "        docLink.innerHTML = docLinkHtml;\n",
              "        element.appendChild(docLink);\n",
              "      }\n",
              "    </script>\n",
              "  </div>\n",
              "\n",
              "\n",
              "<div id=\"df-57ae71c9-8130-4db5-ae36-ed127258a911\">\n",
              "  <button class=\"colab-df-quickchart\" onclick=\"quickchart('df-57ae71c9-8130-4db5-ae36-ed127258a911')\"\n",
              "            title=\"Suggest charts\"\n",
              "            style=\"display:none;\">\n",
              "\n",
              "<svg xmlns=\"http://www.w3.org/2000/svg\" height=\"24px\"viewBox=\"0 0 24 24\"\n",
              "     width=\"24px\">\n",
              "    <g>\n",
              "        <path d=\"M19 3H5c-1.1 0-2 .9-2 2v14c0 1.1.9 2 2 2h14c1.1 0 2-.9 2-2V5c0-1.1-.9-2-2-2zM9 17H7v-7h2v7zm4 0h-2V7h2v10zm4 0h-2v-4h2v4z\"/>\n",
              "    </g>\n",
              "</svg>\n",
              "  </button>\n",
              "\n",
              "<style>\n",
              "  .colab-df-quickchart {\n",
              "      --bg-color: #E8F0FE;\n",
              "      --fill-color: #1967D2;\n",
              "      --hover-bg-color: #E2EBFA;\n",
              "      --hover-fill-color: #174EA6;\n",
              "      --disabled-fill-color: #AAA;\n",
              "      --disabled-bg-color: #DDD;\n",
              "  }\n",
              "\n",
              "  [theme=dark] .colab-df-quickchart {\n",
              "      --bg-color: #3B4455;\n",
              "      --fill-color: #D2E3FC;\n",
              "      --hover-bg-color: #434B5C;\n",
              "      --hover-fill-color: #FFFFFF;\n",
              "      --disabled-bg-color: #3B4455;\n",
              "      --disabled-fill-color: #666;\n",
              "  }\n",
              "\n",
              "  .colab-df-quickchart {\n",
              "    background-color: var(--bg-color);\n",
              "    border: none;\n",
              "    border-radius: 50%;\n",
              "    cursor: pointer;\n",
              "    display: none;\n",
              "    fill: var(--fill-color);\n",
              "    height: 32px;\n",
              "    padding: 0;\n",
              "    width: 32px;\n",
              "  }\n",
              "\n",
              "  .colab-df-quickchart:hover {\n",
              "    background-color: var(--hover-bg-color);\n",
              "    box-shadow: 0 1px 2px rgba(60, 64, 67, 0.3), 0 1px 3px 1px rgba(60, 64, 67, 0.15);\n",
              "    fill: var(--button-hover-fill-color);\n",
              "  }\n",
              "\n",
